97998,50303
97998,51528
98246,51528
98246,52758
98334,52758
98334,53970
98115,53970
98115,55177
97898,55177
97898,56309
97159,56309
97159,57617
97707,57617
97707,58713
96904,58713
96904,60057
97417,60057
97417,61182
96839,61182
96839,62334
96426,62334
96426,63382
95674,63382
95674,64674
95755,64674
95755,65711
95031,65711
95031,66823
94555,66823
94555,68115
94529,68115
94529,69185
93936,69185
93936,70384
93635,70384
93635,71488
93115,71488
93115,72421
92270,72421
92270,73762
92180,73762
92180,74512
91044,74512
91044,75481
90310,75481
90310,76703
89964,76703
89964,77769
89363,77769
89363,78593
88427,78593
88427,79337
87409,79337
87409,80427
86837,80427
86837,81183
85862,81183
85862,82445
85458,82445
85458,83477
84774,83477
84774,83852
83426,83852
83426,85235
83071,85235
83071,85537
81700,85537
81700,86426
80873,86426
80873,87469
80159,87469
80159,88137
79136,88137
79136,88518
77911,88518
77911,89959
77438,89959
77438,90457
76297,90457
76297,90971
75179,90971
75179,91761
74229,91761
74229,91746
72826,91746
72826,92265
71738,92265
71738,93465
70980,93465
70980,93661
69727,93661
69727,94316
68686,94316
68686,94272
67360,94272
67360,95291
66448,95291
66448,95059
65084,95059
65084,95590
63987,95590
63987,96434
62969,96434
62969,96662
61767,96662
61767,96847
60559,96847
60559,97053
59359,97053
59359,97523
58207,97523
58207,97650
56991,97650
56991,98054
55811,98054
55811,97451
54522,97451
54522,97689
53328,97689
53328,97953
52127,97953
52127,97864
50909,97864
50909,98366
49693,98366
49693,98315
48469,98315
48469,98159
47251,98159
47251,98205
46021,98205
46021,97848
44828,97848
44828,97108
43697,97108
43697,97425
42427,97425
42427,97503
41175,97503
41175,97191
39990,97191
39990,97070
38762,97070
38762,96288
37701,96288
37701,96076
36499,96076
36499,95419
35433,95419
35433,94861
34348,94861
34348,94784
33090,94784
33090,94829
31763,94829
31763,94258
30674,94258
30674,93373
29737,93373
29737,93143
28497,93143
28497,92022
27709,92022
27709,91485
26629,91485
26629,90985
25522,90985
25522,90741
24246,90741
24246,89612
23531,89612
23531,89523
22117,89523
22117,88385
21437,88385
21437,87405
20665,87405
20665,87238
19241,87238
19241,86130
18583,86130
18583,85088
17893,85088
17893,84703
16590,84703
16590,83825
15743,83825
15743,82803
15050,82803
15050,81866
14276,81866
14276,81072
13337,81072
13337,80391
12242,80391
12242,79021
12013,79021
12013,77975
11391,77975
11391,77057
10595,77057
10595,76021
9968,76021
9968,75243
8923,75243
8923,74335
8054,74335
8054,72866
8181,72866
8181,72143
6946,72143
6946,70926
6645,70926
6645,69726
6341,69726
6341,68686
5682,68686
5682,67631
5036,67631
5036,66267
5207,66267
5207,65274
4370,65274
4370,64168
3821,64168
3821,62871
3916,62871
3916,61699
3607,61699
3607,60501
3410,60501
3410,59354
2974,59354
2974,58111
3033,58111
3033,57017
2171,57017
2171,55746
2482,55746
2482,54506
2707,54506
2707,53326
2329,53326
2329,52129
2016,52129
2016,50915
1827,50915
1827,50282
94634,50282
94634,48476
1893,48476
1893,47248
1776,47248
1776,46074
2434,46074
2434,44799
1884,44799
1884,43693
2865,43693
2865,42392
2359,42392
2359,41261
2960,41261
2960,40106
3355,40106
3355,38768
2955,38768
2955,37763
3943,37763
3943,36629
4364,36629
4364,35477
4719,35477
4719,34111
4459,34111
4459,33136
5337,33136
5337,31745
5128,31745
5128,30754
5924,30754
5924,29638
6413,29638
6413,28546
6954,28546
6954,27378
7353,27378
7353,26318
7962,26318
7962,25564
9084,25564
9084,24417
9529,24417
9529,23328
10083,23328
10083,22425
10913,22425
10913,21310
11444,21310
11444,20183
11980,20183
11980,19325
12863,19325
12863,18695
13998,18695
13998,17477
14457,17477
14457,16502
15204,16502
15204,15904
16333,15904
16333,14770
16934,14770
16934,14552
18379,14552
18379,13090
18717,13090
18717,12644
19932,12644
19932,12082
21031,12082
21031,11389
22022,11389
22022,10759
23054,10759
23054,9736
23827,9736
23827,8768
24660,8768
24660,8625
25995,8625
25995,7687
26863,7687
26863,7039
27904,7039
27904,6956
29222,6956
29222,5871
30061,5871
30061,5332
31165,5332
31165,5706
32631,5706
32631,4818
33590,4818
33590,4945
34917,4945
34917,4278
35972,4278
35972,3836
37106,3836
37106,3749
38336,3749
38336,2863
39375,2863
39375,2609
40573,2609
40573,3106
41901,3106
41901,2312
43003,2312
43003,2822
44294,2822
44294,1975
45423,1975
45423,2483
46683,2483
46683,1823
47862,1823
47862,2243
49092,2243
49092,2139
50302,2139
50302,1905
51523,1905
51523,1910
52744,1910
52744,2343
53932,2343
53932,2095
55177,2095
55177,2186
56397,2186
56397,2127
57644,2127
57644,2494
58825,2494
58825,3039
59960,3039
59960,3510
61098,3510
61098,3844
62262,3844
62262,4388
63364,4388
63364,4564
64572,4564
64572,4253
65960,4253
65960,5532
66789,5532
66789,5319
68176,5319
68176,6465
69009,6465
69009,6247
70439,6247
70439,7042
71410,7042
71410,7535
72524,7535
72524,8119
73593,8119
73593,9007
74481,9007
74481,9538
75577,9538
75577,9905
76789,9905
76789,11116
77430,11116
77430,11583
78585,11583
78585,11849
79918,11849
79918,13153
80435,13153
80435,13612
81640,13612
81640,14269
82694,14269
82694,15279
83425,15279
83425,15941
84492,15941
84492,17225
84918,17225
84918,17841
86050,17841
86050,18712
86916,18712
86916,19789
87532,19789
87532,20819
88194,20819
88194,21664
89103,21664
89103,22895
89472,22895
89472,24102
89841,24102
89841,24678
91203,24678
91203,25946
91459,25946
91459,27209
91680,27209
91680,27992
92788,27992
92788,29310
92862,29310
92862,30245
93722,30245
93722,31424
94054,31424
94054,32431
94802,32431
94802,33678
94940,33678
94940,34758
95529,34758
95529,36041
95496,36041
95496,37029
96437,37029
96437,38171
96904,38171
96904,39411
96978,39411
96978,40549
97510,40549
97510,41824
97339,41824
97339,43036
97462,43036
97462,44212
97854,44212
97854,45458
97650,45458
97650,46670
97712,46670
97712,47869
98012,47869
98012,49094
97638,49094
97638,50303
